542
55
648
195
763
942
948
783
477
833
644
900
16
111
885
902
538
533
713
785
177
225
387
201
436
672
783
453
253
579
489
199
933
826
807
346
673
138
597
887
715
487
31
237
247
697
662
960
84
214
856
652
765
484
560
149
187
946
589
138
94
210
86
738
747
592
600
593
869
810
234
555
547
311
699
75
111
400
664
29
98
70
735
801
396
175
520
113
252
397
733
264
396
279
5
147
706
426
76
671
297
734
140
4
890
208
232
419
712
854
379
327
589
323
285
754
426
823
631
687
156
619
761
230
688
393
551
928
389
795
986
607
78
261
515
397
379
434
581
99
299
345
766
424
301
848
944
178
756
651
408
924
599
713
457
229
203
690
74
141
981
567
391
187
995
636
372
767
878
477
733
525
737
656
461
957
284
464
407
232
352
114
349
992
127
470
609
654
860
580
759
581
592
960
233
330
408
855
668
72
