121
427
715
445
599
667
443
268
854
71
462
51
760
306
109
101
830
480
373
155
856
116
160
237
689
440
469
747
762
176
647
606
112
657
335
722
727
630
526
50
771
787
150
30
827
710
997
255
657
612
334
808
63
0
512
799
384
112
998
332
827
814
751
261
306
426
574
839
710
814
89
592
565
976
315
539
861
253
345
163
395
240
557
391
394
472
852
214
297
935
912
451
542
524
120
624
920
616
794
858
731
368
924
10
778
557
530
512
807
846
966
479
830
606
608
71
189
666
695
151
739
475
563
503
827
543
507
543
29
566
415
386
156
112
310
765
740
711
714
926
306
752
325
262
46
618
817
194
125
84
735
485
730
131
326
955
177
967
874
371
802
230
534
66
129
61
954
739
815
980
976
730
173
264
530
13
636
852
436
81
417
599
195
867
728
127
8
875
375
361
216
707
219
308
49
277
1
592
90
78
