83
490
625
403
659
464
947
415
662
687
230
833
868
507
490
284
891
662
729
579
101
161
599
588
661
308
424
274
668
946
978
817
75
806
915
923
531
654
438
133
543
818
847
191
365
496
887
286
886
236
380
330
315
858
535
218
905
120
407
426
61
397
454
185
148
707
817
904
29
489
924
458
841
613
331
501
849
283
202
914
211
611
698
128
410
865
652
94
668
619
279
319
106
280
366
534
581
765
322
216
184
7
388
849
312
342
157
183
627
419
429
871
145
127
257
672
621
834
23
413
801
475
909
329
803
19
777
232
862
805
504
511
191
451
225
738
371
750
250
544
772
185
401
281
754
499
376
944
992
50
293
715
145
512
994
522
196
853
794
996
256
442
347
227
287
527
985
828
215
325
405
894
154
438
856
587
22
343
43
237
639
256
808
53
542
746
271
749
94
122
535
686
193
732
226
362
796
19
131
463
