100
312
529
406
208
768
842
234
139
199
366
727
586
308
340
655
433
467
841
894
977
989
155
21
243
595
964
895
84
593
805
268
900
253
714
393
748
938
634
22
340
604
191
132
926
390
678
243
332
144
645
179
501
909
332
707
726
589
279
566
379
221
839
9
350
568
5
146
625
20
905
38
361
110
549
728
585
317
961
106
195
198
569
816
221
319
869
184
420
883
697
510
149
462
91
921
123
708
669
383
398
600
934
453
198
664
29
970
46
814
538
906
631
404
10
196
311
248
262
3
83
458
959
467
34
613
700
435
591
913
788
766
314
875
798
848
661
538
790
48
165
153
497
896
722
757
117
957
215
134
391
500
567
148
490
275
390
576
879
933
810
155
715
872
721
714
520
621
650
955
874
132
696
635
572
772
471
671
273
134
810
938
941
230
74
368
502
82
231
249
1
167
564
541
202
736
733
398
20
504
