910
888
377
976
640
638
539
135
714
4
278
890
941
906
204
310
851
729
552
193
755
743
531
422
184
12
958
491
328
865
135
878
326
126
452
983
357
457
45
897
293
381
935
354
339
767
481
853
465
820
632
56
620
913
440
276
723
914
514
72
129
21
618
699
842
494
420
459
25
87
459
785
495
442
789
238
710
175
361
447
470
878
167
465
950
847
337
876
931
855
895
527
69
945
640
686
852
823
634
993
53
465
612
199
328
420
863
65
515
634
30
810
262
41
107
188
743
605
760
412
640
433
772
34
472
775
566
54
42
205
29
515
369
273
915
69
234
508
945
140
652
707
361
584
910
86
85
968
527
4
828
915
428
667
469
238
856
405
762
997
74
893
976
933
706
930
376
210
631
217
548
784
712
893
461
247
307
478
790
461
380
257
488
878
289
69
808
960
776
930
961
776
466
921
399
440
233
282
268
742
