197
782
177
33
994
372
583
687
512
190
222
952
456
936
808
859
248
649
350
464
783
808
853
217
895
529
862
844
246
435
676
389
811
490
131
455
100
189
802
437
873
46
367
478
86
366
658
437
637
132
338
30
707
908
8
696
194
123
574
332
579
676
825
908
546
260
554
112
388
129
755
187
173
406
867
632
974
129
612
14
107
281
115
998
966
90
322
298
557
603
446
50
878
728
145
603
649
708
694
220
773
738
423
378
894
119
482
159
71
587
577
257
190
377
443
556
991
793
762
784
513
696
759
556
926
864
45
891
780
212
873
404
953
11
458
415
537
485
625
747
326
550
50
666
719
237
25
569
453
659
769
311
908
183
706
290
559
799
128
76
238
61
12
330
817
487
462
743
360
623
529
798
282
410
908
851
606
529
668
481
66
273
218
848
824
448
680
637
29
304
711
933
41
352
774
192
101
638
563
213
