690
720
386
301
387
196
866
511
388
963
438
406
941
3
537
354
98
165
292
907
910
37
118
56
33
911
655
993
641
748
828
580
466
406
921
639
199
876
155
155
251
920
276
36
779
372
842
691
919
639
94
890
730
885
309
376
732
884
190
444
15
745
33
217
349
663
746
684
228
400
978
107
749
870
178
889
315
461
712
779
283
185
914
806
630
21
441
112
821
297
129
806
494
105
74
814
76
411
791
901
862
181
795
844
421
820
203
669
627
709
320
860
53
276
967
795
450
80
642
473
875
286
545
632
374
858
135
813
62
721
636
164
700
434
670
735
385
493
586
459
206
378
167
940
951
15
146
145
639
815
957
522
179
613
444
139
340
967
854
361
689
310
987
960
854
661
997
812
611
619
41
605
242
830
231
