879
772
151
305
54
752
871
318
18
469
565
413
257
446
973
121
734
426
790
733
177
571
787
452
762
312
525
166
466
36
688
208
74
277
588
119
928
90
920
827
23
149
760
847
131
608
398
510
518
905
16
116
849
37
902
907
193
845
290
678
640
97
180
23
65
762
876
429
114
441
323
327
822
627
877
622
843
275
436
467
683
897
668
229
469
979
374
346
913
654
238
305
281
652
201
252
376
129
889
221
153
762
753
253
204
673
62
774
865
202
28
164
554
175
609
369
599
641
59
734
74
803
380
380
524
584
278
656
502
492
207
196
976
824
259
825
865
575
848
106
196
375
764
843
814
958
401
193
19
716
478
544
618
163
791
105
299
331
896
499
766
902
6
174
296
315
773
491
938
625
959
871
913
677
88
