935
302
156
710
681
67
905
591
370
133
731
557
943
326
764
116
955
88
389
841
562
881
254
958
932
432
251
499
75
320
320
184
463
555
767
964
183
833
79
290
294
622
62
38
456
332
826
447
738
556
374
873
33
678
552
93
180
435
2
872
527
920
917
946
323
579
346
674
738
0
730
161
601
101
809
805
440
125
413
931
494
72
676
404
933
455
952
446
136
241
682
406
76
57
984
306
158
743
189
193
898
279
793
509
632
658
4
986
880
936
40
356
642
886
708
567
15
890
595
702
474
115
503
995
599
908
306
509
148
459
371
359
646
849
261
166
90
452
378
331
898
565
872
189
835
418
45
71
66
173
810
511
637
433
879
585
9
312
898
759
964
539
38
489
831
381
56
813
123
180
663
318
420
226
260
904
199
950
958
690
611
129
952
486
213
627
563
95
472
929
986
757
850
879
60
54
723
51
314
989
