670
698
491
814
396
87
809
574
755
753
295
569
253
20
172
274
321
251
724
395
810
605
978
589
407
361
68
241
101
120
77
236
472
797
376
45
804
842
100
825
228
272
658
314
384
515
397
247
912
516
363
75
532
344
209
831
417
16
272
229
145
530
179
394
686
424
976
630
896
268
843
522
271
626
504
915
46
247
626
372
470
49
134
665
482
654
486
63
78
610
423
832
231
746
444
377
828
245
157
705
979
318
735
4
905
43
799
851
636
248
121
460
485
389
526
118
441
102
288
669
293
615
757
194
229
545
223
407
623
777
115
216
110
483
255
253
629
175
654
479
627
851
569
0
957
942
526
743
694
730
316
920
482
216
95
730
531
518
268
151
663
611
547
438
249
575
421
646
197
35
491
276
674
636
558
